0.3071791709292191
-0.7699861137511885
0.9005657286980491
-0.035617197144003576
0.7449490703640707
-0.5753346381545601
-0.9185807504618217
-0.2056110773085884
-0.53373560530324
0.6834814485061231
-0.5858353112265062
0.4849390671648173
-0.21569174438231742
-0.6354869600952313
0.48707882918428
-0.8608358380600909
0.7706744087615014
0.9052887984430835
0.8622868693550216
-0.1691380939101843
-0.9420366812262575
0.9640549691963953
-0.32072463272942286
0.4133743877776077
-0.27624586478487645
-0.9297882040972771
0.7101165064808159
0.3145070162809849
0.5313659882904773
0.10817447600878838
0.7701858732211992
0.8083952307947246
-0.9791565988820916
-0.8508865277151441
-0.5107415804804294
-0.7333904950970305
0.39585020081943845
-0.20359023294812983
0.7662443828082854
-0.637984979452594
-0.13500165641597306
-0.9637135944906547
0.38287572337768494
-0.06061869592832636
-0.7435556206927045
0.7826741025789183
0.8364072489422305
-0.8537580126424631
-0.9091041135399096
-0.12285420851669393
0.2034418598009189
-0.3795459320687997
0.36381648397029864
-0.5819736983169697
0.03920859444706948
0.1319776611381407
-0.11766521482484604
-0.7248876855814654
-0.5729136177250744
-0.733256215787714
-0.3554065970033784
-0.5322257696507418
0.05499631203964128
0.13194232395310723
-0.12354943042788036
-0.3562547518397823
0.11928162138453202
0.7306911623690133
0.6945657547504427
-0.7843656680297773
-0.36736103205142423
-0.18104268239742383
0.37417802784489895
0.40447057494655314
-0.10760411169567252
-0.15935584380157342
0.6052611821398763
0.07723513063734977
0.8470009788280914
-0.8761849255506171
-0.26483309332238614
0.940797544900835
0.3982078967217886
0.7819511598544784
-0.49289456321010094
0.45105421164221693
-0.5930111301975984
0.07502364747311319
-0.526113992546065
-0.1270156804612732
0.5960490270438501
-0.3831816703194495
0.24303325700438116
-0.12070376470928079
0.8266474108841726
0.31737180630234185
0.30726289623044445
-0.28308443324060306
0.04588313440620895
-0.909825375351085
